40
4 24 1 34 2
6 2 4 39 34 18 20
9 33 34 4 10 22 24 25 27 31
13 2 36 5 39 10 11 13 14 19 21 23 25 4
14 19 1 35 33 12 16 17 18 3 20 21 22 30 31
5 16 9 12 13 8
16 32 33 34 3 1 8 9 12 13 16 17 18 20 21 25 29
16 1 34 3 4 37 38 39 8 9 11 12 18 24 25 6 30
15 1 36 37 38 39 9 15 19 22 24 25 27 28 29 31
8 33 35 5 6 12 14 15 20
2 33 21
10 0 36 37 9 10 23 25 27 28 31
7 6 7 9 39 24 29 31
2 38 31
16 34 4 5 38 39 8 9 13 20 22 25 26 28 29 30 36
15 32 1 34 35 4 6 8 12 13 16 18 19 21 28 31
15 32 1 35 4 37 38 7 8 10 11 18 21 22 23 31
15 1 2 3 38 10 11 14 16 18 35 23 24 26 29 30
12 1 36 38 7 9 12 14 19 22 25 26 30
3 24 9 13
15 1 34 3 6 33 8 9 10 11 12 16 19 25 28 29
3 18 3 12
4 33 35 20 15
9 33 38 11 12 14 20 24 25 27
17 0 1 34 35 5 38 33 11 12 15 17 18 21 23 25 26 31
10 32 33 2 36 6 17 21 23 29 31
10 0 33 37 39 11 19 25 27 29 31
5 32 20 29 6 15
12 36 7 9 15 19 20 22 24 25 26 30 31
10 33 9 14 15 16 20 22 24 28 31
11 32 35 36 5 8 9 17 22 26 29 31
16 1 4 5 6 39 9 11 15 16 18 22 24 36 27 29 30
10 36 5 9 11 14 18 19 21 22 25
8 32 1 3 36 20 21 24 30
13 32 33 5 39 8 12 15 16 17 18 20 23 31
13 32 33 3 39 9 10 11 14 15 16 17 19 21
13 33 2 3 5 7 9 10 35 24 26 28 30 31
13 34 35 5 8 9 11 14 17 18 19 24 30 31
6 1 13 23 26 27 30
10 32 0 2 36 7 8 34 13 23 24
