30
9 1 4 5 7 8 11 22 23 25
7 5 7 10 13 14 27 29
6 3 9 11 13 14 21
9 2 6 11 12 14 16 19 21 26
5 8 11 12 14 23
11 1 6 11 14 15 17 20 21 22 24 25
4 25 26 4 10
3 24 9 6
7 12 14 17 18 25 26 28
11 0 5 6 10 13 15 17 19 21 22 27
7 3 9 11 19 20 21 23
6 1 3 15 20 24 27
10 0 1 4 5 7 9 15 19 23 28
8 1 7 10 12 20 23 28 29
3 0 13 23
10 6 9 11 20 22 23 24 25 26 27
9 2 3 6 8 9 10 14 22 27
9 3 7 10 13 14 19 22 25 29
7 1 3 5 13 17 28 29
4 27 25 11 15
15 7 8 9 10 11 12 13 14 15 17 19 21 23 25 26
3 16 12 20
9 2 5 6 11 12 17 18 20 27
8 2 3 14 15 26 27 28 29
8 2 3 5 8 11 14 25 29
12 0 4 8 11 17 18 19 20 22 24 26 29
10 1 4 6 15 16 17 22 23 24 25
3 18 6 14
3 8 29 6
3 16 25 7
